game.Players.LocalPlayer.Character.HumanoidRootPart.CFrame = CFrame.new(-4955.32129, 294.49707, -2900.99292, -0.996191859, 8.62397937e-05, -0.0871884301, 8.62397937e-05, 1, 3.76672824e-06, 0.0871884301, -3.76672824e-06, -0.996191859)
wait(1)
game.Players.LocalPlayer.Character.HumanoidRootPart.CFrame = CFrame.new(-7925.55811, 5606.44482, -1668.92749, 1, 0, 0, 0, 1, 0, 0, 0, 1)
wait(1)
game.Players.LocalPlayer.Character.HumanoidRootPart.CFrame = CFrame.new(-5509.15088, 16.6980476, 8693.6416, -0.707134247, 7.97517787e-05, 0.707079291, 7.97517787e-05, 1, -3.30324547e-05, -0.707079291, 3.30324547e-05, -0.707134247)
wait(1)
game.Players.LocalPlayer.Character.HumanoidRootPart.CFrame = CFrame.new(-1665.70715, 21.6043949, 329.974945, 0, 0, 1, 0, 1, -0, -1, 0, 0)
wait(1)
game.Players.LocalPlayer.Character.HumanoidRootPart.CFrame = CFrame.new(-1439.12134, 79.9304581, -2955.59668, -0.992551088, -8.61611188e-05, -0.121831827, -8.61611188e-05, 1, -5.2682044e-06, 0.121831827, 5.2682044e-06, -0.992551088)
wait(1)
game.Players.LocalPlayer.Character.HumanoidRootPart.CFrame = CFrame.new(-2878.48779, 23.2417526, 2303.76929, -0.866007447, 0, -0.500031412, 0, 1, 0, 0.500031412, 0, -0.866007447)
wait(1)
game.Players.LocalPlayer.Character.HumanoidRootPart.CFrame = CFrame.new(1381.35889, 87.0051422, -1399.12024, -0.173624277, 0, 0.984811902, 0, 1, 0, -0.984811902, 0, -0.173624277)
wait(1)
game.Players.LocalPlayer.Character.HumanoidRootPart.CFrame = CFrame.new(-5073.21484, 2.65216088, -2397.91577, 0.573598742, 0, 0.81913656, 0, 1, 0, -0.81913656, 0, 0.573598742)
wait(1)
game.Players.LocalPlayer.Character.HumanoidRootPart.CFrame = CFrame.new(-7747.87598, 5621.01465, -1746.03503, 1, 0, 0, 0, 1, 0, 0, 0, 1)
wait(1)
game.Players.LocalPlayer.Character.HumanoidRootPart.CFrame = CFrame.new(-7761.54736, 5643.63477, -1881.95557, 0, 0, 1, 0, 1, -0, -1, 0, 0)
wait(1)
game.Players.LocalPlayer.Character.HumanoidRootPart.CFrame = CFrame.new(831.898438, 5.19147682, 4365.78516, -1, 0, 0, 0, 1, 0, 0, 0, -1)
wait(1)
game.Players.LocalPlayer.Character.HumanoidRootPart.CFrame = CFrame.new(-970.972351, 12.5048704, 3990.18726, -0.258864403, 0, -0.965913713, 0, 1, 0, 0.965913713, 0, -0.258864403)
wait(1)
game.Players.LocalPlayer.Character.HumanoidRootPart.CFrame = CFrame.new(-1178.08325, 31.3146229, 4164.86182, 0.499959469, -7.4756048e-05, -0.866048813, 7.4756048e-05, 1, -4.31627559e-05, 0.866048813, -4.31627559e-05, 0.499959469)
wait(1)
game.Players.LocalPlayer.Character.HumanoidRootPart.CFrame = CFrame.new(-8037.43262, 5643.78613, -2016.23669, -0.866007447, 0, -0.500031412, 0, 1, 0, 0.500031412, 0, -0.866007447)
wait(1)
game.Players.LocalPlayer.Character.HumanoidRootPart.CFrame = CFrame.new(-8049.27979, 5643.78613, -1974.75537, 0.499959469, -0, -0.866048813, 0, 1, -0, 0.866048813, 0, 0.499959469)
wait(1)
game.Players.LocalPlayer.Character.HumanoidRootPart.CFrame = CFrame.new(-8004.93311, 5643.78613, -1959.94409, 0.866007268, 0, 0.500031412, 0, 1, 0, -0.500031412, 0, 0.866007268)
wait(1)
game.Players.LocalPlayer.Character.HumanoidRootPart.CFrame = CFrame.new(-7995.58594, 5643.78613, -2005.75623, -0.499959469, 0, 0.866048813, 0, 1, 0, -0.866048813, 0, -0.499959469)
wait(1)
game.Players.LocalPlayer.Character.HumanoidRootPart.CFrame = CFrame.new(-8004.93311, 5680.78613, -1959.94409, 0.866007268, 0, 0.500031412, 0, 1, 0, -0.500031412, 0, 0.866007268)
wait(1)
game.Players.LocalPlayer.Character.HumanoidRootPart.CFrame = CFrame.new(-4928.71777, 83.1375809, 4518.6665, 0.499959469, -7.4756048e-05, -0.866048813, 7.4756048e-05, 1, -4.31627559e-05, 0.866048813, -4.31627559e-05, 0.499959469)
wait(1)
game.Players.LocalPlayer.Character.HumanoidRootPart.CFrame = CFrame.new(-8049.27979, 5680.78613, -1974.75537, 0.499959469, -0, -0.866048813, 0, 1, -0, 0.866048813, 0, 0.499959469)
wait(1)
game.Players.LocalPlayer.Character.HumanoidRootPart.CFrame = CFrame.new(-8037.43262, 5680.78613, -2016.23669, -0.866007447, 0, -0.500031412, 0, 1, 0, 0.500031412, 0, -0.866007447)
wait(1)
game.Players.LocalPlayer.Character.HumanoidRootPart.CFrame = CFrame.new(1147.20544, 18.4489231, 1260.28772, -0.890994906, 0, 0.454013437, 0, 1, 0, -0.454013437, 0, -0.890994906)
wait(1)
game.Players.LocalPlayer.Character.HumanoidRootPart.CFrame = CFrame.new(-7995.58594, 5680.78613, -2005.75623, -0.499959469, 0, 0.866048813, 0, 1, 0, -0.866048813, 0, -0.499959469)
wait(1)
game.Players.LocalPlayer.Character.HumanoidRootPart.CFrame = CFrame.new(-4631.36133, 848.585815, -1939.80212, -0.848060489, -2.3792607e-05, -0.529899538, 2.3792607e-05, 1, -8.29783239e-05, 0.529899538, -8.29783239e-05, -0.848060489)
wait(1)
game.Players.LocalPlayer.Character.HumanoidRootPart.CFrame = CFrame.new(-4815.8125, 718.399353, -2666.21655, -0.406715393, 7.23951816e-05, -0.913554907, 7.23951816e-05, 1, 4.7015179e-05, 0.913554907, -4.7015179e-05, -0.406715393)
wait(1)
game.Players.LocalPlayer.Character.HumanoidRootPart.CFrame = CFrame.new(908.260803, 14.0423918, 4567.93848, 1, 0, 0, 0, 1, 0, 0, 0, 1)
wait(1)
game.Players.LocalPlayer.Character.HumanoidRootPart.CFrame = CFrame.new(-5776.01807, 7.3436389, 8576.63184, 0.529884458, 0, 0.848069847, 0, 1, 0, -0.848069847, 0, 0.529884458)
wait(1)
game.Players.LocalPlayer.Character.HumanoidRootPart.CFrame = CFrame.new(1239.99634, 14.4914284, 4525.86475, 0.139203906, 0, 0.99026376, 0, 1, 0, -0.99026376, 0, 0.139203906)
wait(1)
game.Players.LocalPlayer.Character.HumanoidRootPart.CFrame = CFrame.new(1456.1875, 0.87213701, 4384.6792, 0.358836293, 0.0861802101, -0.929413557, -0.104072735, 0.993213832, 0.0519147888, 0.927580476, 0.0780976936, 0.365370214)
wait(1)
game.Players.LocalPlayer.Character.HumanoidRootPart.CFrame = CFrame.new(-5274.14258, 387.404846, -2183.53198, -0.642763734, 0, 0.766064942, 0, 1, 0, -0.766064942, 0, -0.642763734)
wait(1)
game.Players.LocalPlayer.Character.HumanoidRootPart.CFrame = CFrame.new(1404.22632, 96.0051575, -1294.61719, -0.996191859, 0, 0.0871884301, 0, 1, 0, -0.0871884301, 0, -0.996191859)
wait(1)
game.Players.LocalPlayer.Character.HumanoidRootPart.CFrame = CFrame.new(-4582.51758, 871.295898, -1662.11328, -0.890994906, -2.01525545e-05, -0.454013437, 2.01525545e-05, 1, -8.39366694e-05, 0.454013437, -8.39366694e-05, -0.890994906)
wait(1)
game.Players.LocalPlayer.Character.HumanoidRootPart.CFrame = CFrame.new(-4924.56055, 40.0050011, 4399.95264, -0.866007447, 0, -0.500031412, 0, 1, 0, 0.500031412, 0, -0.866007447)
wait(1)
game.Players.LocalPlayer.Character.HumanoidRootPart.CFrame = CFrame.new(-1177.26868, 10.6043997, 131.574905, 0, 0, -1, 0, 1, 0, 1, 0, 0)
wait(1)
game.Players.LocalPlayer.Character.HumanoidRootPart.CFrame = CFrame.new(-5514.16504, 61.5525398, 8577.87207, 0.819155693, -8.23268638e-05, -0.573571265, 8.23268638e-05, 1, -2.5957268e-05, 0.573571265, -2.5957268e-05, 0.819155693)
wait(1)
game.Players.LocalPlayer.Character.HumanoidRootPart.CFrame = CFrame.new(958.301086, 14.9875641, 1339.74561, 0.615407765, -0, -0.788208902, 0, 1, -0, 0.788208902, 0, 0.615407765)
wait(1)
game.Players.LocalPlayer.Character.HumanoidRootPart.CFrame = CFrame.new(-1128.86926, 39.2343788, -526.437134, -0.86591804, 0.000128079744, -0.500186205, 3.86767751e-05, 1, 0.000189107261, 0.500186205, 0.000144405785, -0.86591804)
